age,sex,cp,trestbps,chol,fbs,restecg,thalach,exang,oldpeak,slope,ca,thal,target
67,1,4,112,442,0,0,166,0,0.2,2,2,3,0
57,1,1,183,429,1,0,107,1,4.7,2,0,1,1
43,1,3,160,272,0,1,82,1,3.8,2,3,1,1
71,0,2,112,129,0,1,183,0,4.4,3,3,1,1
36,0,1,113,160,1,1,83,1,1.3,3,1,3,1
49,0,1,189,317,0,0,93,0,0.8,1,3,1,0
67,0,1,164,174,1,1,169,0,0.1,2,3,2,0
47,1,3,145,142,1,1,175,0,2.2,1,0,3,0
51,0,2,198,297,1,1,100,1,3.7,1,3,3,0
39,0,1,126,345,0,0,87,1,2.4,1,2,3,1
39,0,4,133,283,0,1,183,1,2.7,1,0,3,0
52,0,1,132,171,1,1,132,1,5.6,2,0,2,0
64,0,1,175,498,1,0,154,1,2.2,1,1,3,1
68,1,3,197,131,0,1,182,0,3.2,2,3,3,1
52,0,3,94,224,1,1,156,0,4.9,2,1,1,1
31,1,2,104,505,1,0,89,0,2.5,3,2,3,1
50,0,4,185,358,1,1,170,0,3.9,2,0,2,0
30,1,3,150,162,0,0,146,1,5.3,3,0,2,0
52,0,1,182,405,0,0,79,0,5.9,2,0,2,1
72,0,2,143,474,0,1,98,1,0.9,2,2,2,0
58,1,1,116,427,1,1,198,0,5.7,2,2,3,0
66,1,1,124,306,1,1,122,1,3.1,3,1,3,0
30,1,3,187,220,1,1,153,1,1.6,3,1,2,1
49,0,2,135,224,0,0,181,0,2.8,1,1,2,0
61,1,4,192,313,1,1,187,0,6.1,3,3,3,1
40,0,4,100,241,1,0,139,0,3.1,3,0,2,0
50,0,3,109,316,1,1,169,0,2.0,3,0,1,0
72,1,3,183,378,1,1,95,1,3.9,3,1,2,0
53,1,2,153,541,0,1,193,0,1.5,1,0,2,1
55,0,4,95,286,0,0,123,0,0.5,3,1,1,0
70,0,4,94,381,1,1,127,1,0.8,2,3,1,1
56,1,4,141,448,0,1,109,0,0.8,2,3,3,1
44,1,1,105,253,0,1,179,0,0.9,3,2,3,1
43,1,4,162,143,1,1,112,0,0.9,3,3,1,0
75,0,1,130,406,1,0,192,0,4.0,2,1,1,0
72,0,2,125,348,0,1,145,0,1.1,2,3,3,0
31,0,1,102,179,1,0,146,1,2.1,1,2,2,0
65,0,2,198,183,0,0,79,0,5.6,2,0,1,1
35,0,4,192,448,1,0,144,0,2.9,2,1,3,1
49,0,4,112,485,0,0,77,0,4.1,3,0,2,1
37,1,2,141,299,1,0,97,0,1.1,2,2,1,0
67,0,3,173,405,0,0,192,0,1.2,1,2,2,1
46,0,2,96,239,0,1,75,1,0.3,2,2,3,0
32,0,3,113,413,0,0,99,0,1.0,3,0,1,1
53,1,1,117,556,1,0,153,1,1.7,3,0,2,0
42,0,1,147,467,0,0,179,1,1.1,2,0,1,0
37,0,1,126,276,0,1,135,0,0.5,3,0,2,1
54,1,4,117,252,1,1,156,0,0.7,1,2,3,1
30,0,1,168,280,1,0,141,0,2.9,1,2,3,1
48,0,3,165,511,0,1,115,0,1.3,2,1,1,1
56,0,1,129,398,0,0,106,1,2.3,2,1,2,0
75,0,2,131,229,1,0,140,0,3.1,2,0,1,1
35,0,2,197,542,1,1,89,0,4.3,3,3,1,1
72,1,4,177,518,1,0,178,0,0.2,1,3,2,1
36,1,2,192,424,1,1,161,0,5.0,1,2,2,0
75,1,3,182,371,1,1,160,0,3.9,3,2,2,0
63,0,1,192,301,0,0,89,0,0.5,1,2,3,1
42,0,4,118,164,1,0,109,1,5.4,2,1,1,0
45,0,1,186,295,0,1,196,1,5.7,2,1,1,1
64,1,1,111,372,0,0,196,0,0.4,2,2,3,0
68,0,3,175,151,0,0,128,0,1.7,1,2,2,0
32,0,2,159,480,1,0,131,0,5.0,2,2,3,0
30,1,2,147,431,0,1,197,1,4.6,3,3,3,0
34,0,1,128,534,0,1,175,0,1.1,3,1,3,1
70,1,4,173,533,1,0,71,1,1.3,1,3,1,1
32,1,2,154,138,0,1,201,0,2.3,3,3,3,1
57,1,4,134,441,0,1,162,0,3.0,3,2,1,0
46,0,2,193,516,1,1,183,0,3.8,1,2,1,1
54,0,4,126,438,0,1,126,0,2.3,2,0,1,1
72,0,3,161,161,0,1,187,1,2.9,2,0,2,1
62,0,4,126,298,0,0,128,1,4.6,2,3,1,0
38,0,3,107,145,1,0,114,0,0.2,1,1,1,0
64,0,3,114,446,1,0,131,0,1.6,3,2,2,0
42,0,4,141,389,1,1,117,1,4.4,2,2,1,1
59,1,3,113,525,0,1,150,1,5.6,2,3,3,1
76,0,1,101,267,0,0,188,1,3.2,1,0,3,1
43,1,3,100,496,1,1,90,1,3.3,2,1,1,0
36,0,2,160,268,0,0,117,0,0.7,1,0,2,0
42,0,4,110,217,0,0,119,1,2.8,3,0,3,1
51,0,1,126,479,1,0,84,0,3.3,1,0,2,0
68,1,4,141,447,1,1,71,1,1.5,1,0,2,0
49,1,2,169,413,0,1,187,1,1.7,1,2,3,0
44,1,2,152,340,0,0,124,1,2.3,1,2,2,0
73,1,2,179,467,0,0,188,1,0.1,3,0,3,1
46,0,3,115,176,1,0,73,1,2.0,3,1,2,0
75,1,3,123,278,1,0,82,0,1.3,2,3,3,0
52,0,4,131,311,1,1,144,0,2.0,3,1,1,0
54,0,4,195,188,1,1,86,1,0.7,3,1,3,0
53,1,1,144,315,0,0,172,1,5.5,2,1,3,1
73,1,1,147,250,1,0,187,0,3.7,3,0,3,1
69,1,4,101,275,1,1,78,1,4.2,1,2,3,0
57,1,3,120,439,1,1,192,1,4.9,1,1,2,0
43,1,2,120,183,1,0,162,0,3.1,2,0,1,0
73,1,4,191,467,1,0,160,1,0.5,2,1,3,0
29,1,1,114,430,0,0,130,1,3.3,2,1,2,0
53,1,3,123,305,0,1,98,0,3.6,1,0,1,0
35,0,4,190,295,1,1,171,0,4.6,3,2,1,1
37,1,4,121,451,0,1,111,0,2.7,1,2,1,0
52,1,3,157,396,1,0,116,1,0.8,2,3,1,1
29,0,4,190,179,1,0,105,0,1.8,3,0,3,1
